uc003hur.2	sp|P07327|ADH1A_HUMAN	100.00	375	0	0	1	375	1	375	0.0	 764
uc003hur.2	sp|Q5RBP7|ADH1A_PONAB	97.33	375	10	0	1	375	1	375	0.0	 748
uc003hur.2	sp|P28469|ADH1A_MACMU	94.13	375	22	0	1	375	1	375	0.0	 726
uc003hur.2	sp|P00325|ADH1B_HUMAN	93.60	375	24	0	1	375	1	375	0.0	 722
uc003hur.2	sp|Q5R1W2|ADH1B_PANTR	93.33	375	25	0	1	375	1	375	0.0	 720
uc003hur.2	sp|P00326|ADH1G_HUMAN	92.80	375	27	0	1	375	1	375	0.0	 715
uc003hur.2	sp|O97959|ADH1G_PAPHA	92.80	375	27	0	1	375	1	375	0.0	 714
uc003hur.2	sp|P14139|ADH1B_PAPHA	91.73	375	31	0	1	375	1	375	0.0	 712
uc003hur.2	sp|P00327|ADH1E_HORSE	87.47	375	47	0	1	375	1	375	0.0	 676
uc003hur.2	sp|P00328|ADH1S_HORSE	87.20	375	47	1	1	375	1	374	0.0	 667
uc003hur.2	sp|Q03505|ADH1_RABIT	85.60	375	54	0	1	375	1	375	0.0	 663
uc003hur.2	sp|P41680|ADH1_PERMA	82.13	375	67	0	1	375	1	375	0.0	 637
uc003hur.2	sp|P06757|ADH1_RAT	80.32	376	73	1	1	375	1	376	3e-179	 627
uc003hur.2	sp|P00329|ADH1_MOUSE	83.20	375	63	0	1	375	1	375	3e-179	 627
uc003hur.2	sp|Q64415|ADH1_GEOKN	76.80	375	87	0	1	375	1	375	8e-172	 602
uc003hur.2	sp|Q64413|ADH1_GEOBU	76.80	375	87	0	1	375	1	375	2e-171	 602
uc003hur.2	sp|Q9Z2M2|ADH1_GEOAT	76.53	375	88	0	1	375	1	375	4e-170	 597
uc003hur.2	sp|P80222|ADH1_ALLMI	73.80	374	98	0	2	375	1	374	3e-167	 587
uc003hur.2	sp|P80338|ADH1_STRCA	72.73	374	102	0	2	375	1	374	2e-163	 574
uc003hur.2	sp|P19631|ADH1_COTJA	72.27	375	103	1	2	375	1	375	3e-163	 574
uc003hur.2	sp|P23991|ADH1_CHICK	71.81	376	105	1	1	375	1	376	4e-163	 573
uc003hur.2	sp|P80512|ADH1_NAJNA	70.67	375	109	1	2	375	1	375	8e-161	 566
uc003hur.2	sp|P25405|ADH1A_UROHA	70.32	374	110	1	3	375	2	375	1e-159	 562
uc003hur.2	sp|P49645|ADH1_APTAU	72.27	375	104	0	1	375	1	375	3e-158	 558
uc003hur.2	sp|P25406|ADH1B_UROHA	70.13	375	111	1	2	375	1	375	7e-158	 556
uc003hur.2	sp|P40394|ADH7_HUMAN	68.53	375	117	1	1	375	1	374	6e-155	 546
uc003hur.2	sp|P41682|ADH7_RAT	67.20	375	122	1	1	375	1	374	7e-153	 540
uc003hur.2	sp|Q64437|ADH7_MOUSE	66.93	375	123	1	1	375	1	374	6e-152	 536
uc003hur.2	sp|P22797|ADH1_RANPE	68.00	375	119	1	2	375	1	375	6e-148	 523
uc003hur.2	sp|Q3ZC42|ADHX_BOVIN	64.96	371	129	1	4	373	2	372	2e-141	 502
uc003hur.2	sp|P80467|ADHX_UROHA	64.08	373	133	1	4	375	1	373	3e-141	 501
uc003hur.2	sp|P79896|ADHX_SPAAU	63.56	376	136	1	1	375	1	376	2e-140	 498
uc003hur.2	sp|P80468|ADH4_STRCA	61.48	379	141	3	2	375	1	379	3e-137	 488
uc003hur.2	sp|P81600|ADHH_GADMO	61.60	375	143	1	2	375	1	375	7e-137	 486
uc003hur.2	sp|O19053|ADHX_RABIT	65.15	373	125	2	4	373	2	372	7e-137	 486
uc003hur.2	sp|Q5R7Z8|ADH6_PONAB	62.77	376	138	2	1	375	1	375	8e-136	 483
uc003hur.2	sp|P19854|ADHX_HORSE	63.61	371	134	1	4	373	2	372	7e-135	 480
uc003hur.2	sp|P11766|ADHX_HUMAN	63.81	373	130	2	4	373	2	372	2e-134	 478
uc003hur.2	sp|P12711|ADHX_RAT	64.08	373	129	2	4	373	2	372	3e-134	 478
uc003hur.2	sp|P28332|ADH6_HUMAN	63.32	368	133	2	1	367	1	367	6e-134	 477
uc003hur.2	sp|P28474|ADHX_MOUSE	63.00	373	133	2	4	373	2	372	1e-132	 473
uc003hur.2	sp|P81601|ADHL_GADMO	59.15	377	149	2	2	375	1	375	4e-132	 471
uc003hur.2	sp|P08319|ADH4_HUMAN	60.37	381	144	3	1	375	1	380	3e-129	 461
uc003hur.2	sp|P80360|ADHX_MYXGL	58.56	374	150	2	5	375	5	376	6e-129	 460
uc003hur.2	sp|O46649|ADHP_RABIT	61.32	380	141	4	1	375	1	379	1e-128	 459
uc003hur.2	sp|O46650|ADHQ_RABIT	59.74	380	147	4	1	375	1	379	2e-127	 455
uc003hur.2	sp|Q5XI95|ADH6_RAT	58.09	377	155	3	1	375	1	376	1e-124	 446
uc003hur.2	sp|P81431|ADHX_OCTVU	57.80	372	152	2	5	373	5	374	1e-123	 442
uc003hur.2	sp|O57380|ADH8_RANPE	59.20	375	151	2	1	375	1	373	1e-123	 442
uc003hur.2	sp|P41681|ADH6_PERMA	57.60	375	157	2	1	374	1	374	1e-122	 439
uc003hur.2	sp|Q64563|ADH4_RAT	55.67	379	162	3	1	375	1	377	2e-119	 429
uc003hur.2	sp|P26325|ADH1_GADCA	55.23	373	165	2	2	373	1	372	3e-118	 424
uc003hur.2	sp|P46415|ADHX_DROME	53.58	377	172	2	2	375	3	379	6e-116	 417
uc003hur.2	sp|Q9QYY9|ADH4_MOUSE	54.62	379	166	3	1	375	1	377	8e-116	 416
uc003hur.2	sp|P80572|ADHX_PEA	53.74	374	171	2	2	373	1	374	1e-112	 406
uc003hur.2	sp|Q17335|ADHX_CAEEL	52.24	379	176	2	2	375	3	381	5e-112	 404
uc003hur.2	sp|A2XAZ3|ADHX_ORYSI	52.94	374	174	2	2	373	4	377	4e-110	 397
uc003hur.2	sp|Q0DWH1|ADHX_ORYSJ	52.67	374	175	2	2	373	4	377	7e-110	 397
uc003hur.2	sp|Q96533|ADHX_ARATH	53.60	375	172	2	1	373	1	375	1e-109	 396
uc003hur.2	sp|P06525|ADH1_ARATH	50.93	375	182	2	1	373	1	375	4e-108	 391
uc003hur.2	sp|Q54TC2|ADHX_DICDI	50.40	377	183	2	1	373	1	377	3e-106	 385
uc003hur.2	sp|P00333|ADH1_MAIZE	50.13	375	185	2	1	373	1	375	7e-105	 380
uc003hur.2	sp|P93629|ADHX_MAIZE	52.55	373	175	2	3	373	5	377	8e-105	 380
uc003hur.2	sp|Q75ZX4|ADH1_ORYSI	49.60	375	187	2	1	373	1	375	1e-104	 379
uc003hur.2	sp|Q2R8Z5|ADH1_ORYSJ	49.60	375	187	2	1	373	1	375	1e-104	 379
uc003hur.2	sp|P14673|ADH1_SOLTU	49.73	374	186	2	2	373	3	376	2e-104	 378
uc003hur.2	sp|P14674|ADH2_SOLTU	49.47	374	187	2	2	373	3	376	3e-104	 378
uc003hur.2	sp|P14675|ADH3_SOLTU	49.47	374	187	2	2	373	3	376	3e-104	 378
uc003hur.2	sp|P14219|ADH1_PENAM	50.13	375	185	2	1	373	1	375	4e-104	 377
uc003hur.2	sp|P04707|ADH2_MAIZE	50.40	375	184	2	1	373	1	375	6e-104	 377
uc003hur.2	sp|P25141|ADH1_PETHY	49.87	375	185	3	2	373	4	378	3e-103	 374
uc003hur.2	sp|Q4R1E8|ADH2_ORYSI	49.33	375	188	2	1	373	1	375	6e-103	 374
uc003hur.2	sp|Q0ITW7|ADH2_ORYSJ	49.33	375	188	2	1	373	1	375	6e-103	 374
uc003hur.2	sp|P28032|ADH2_SOLLC	49.20	374	188	2	2	373	3	376	6e-103	 374
uc003hur.2	sp|P10848|ADH3_HORVU	50.27	374	184	2	1	372	1	374	7e-103	 374
uc003hur.2	sp|P05336|ADH1_HORVU	49.07	375	189	2	1	373	1	375	1e-101	 369
uc003hur.2	sp|P13603|ADH1_TRIRP	48.13	374	192	2	2	373	3	376	4e-101	 368
uc003hur.2	sp|P17648|ADH_FRAAN	49.20	374	188	2	2	373	3	376	1e-100	 366
uc003hur.2	sp|P48977|ADH_MALDO	47.86	374	193	2	2	373	3	376	1e-99	 362
uc003hur.2	sp|P12886|ADH1_PEA	47.06	374	196	2	2	373	3	376	2e-99	 362
uc003hur.2	sp|Q06099|FADH_CANMA	49.87	377	182	3	2	373	4	378	3e-99	 362
uc003hur.2	sp|P73138|FRMA_SYNY3	47.15	369	194	1	8	375	1	369	4e-99	 361
uc003hur.2	sp|O74540|FADH2_SCHPO	47.04	372	196	1	3	373	6	377	6e-98	 357
uc003hur.2	sp|P10847|ADH2_HORVU	48.27	375	186	3	1	373	1	369	2e-95	 349
uc003hur.2	sp|O74685|FADH_PICPA	44.95	376	204	2	1	373	1	376	2e-95	 348
uc003hur.2	sp|P78870|FADH1_SCHPO	46.01	376	197	3	1	373	1	373	1e-94	 346
uc003hur.2	sp|P32771|FADH_YEAST	45.89	377	199	3	2	373	4	380	5e-93	 341
uc003hur.2	sp|A1L4Y2|ADHL3_ARATH	46.61	384	193	3	3	374	4	387	8e-93	 340
uc003hur.2	sp|P39450|FRMA_PASPI	47.70	369	192	1	8	375	1	369	8e-93	 340
uc003hur.2	sp|Q1RFI7|FRMA_ECOUT	46.63	371	193	2	8	375	1	369	4e-92	 338
uc003hur.2	sp|A1A835|FRMA_ECOK1	46.63	371	193	2	8	375	1	369	4e-92	 338
uc003hur.2	sp|Q0TKS7|FRMA_ECOL5	46.63	371	193	2	8	375	1	369	4e-92	 338
uc003hur.2	sp|A7ZX04|FRMA_ECOHS	46.63	371	193	2	8	375	1	369	5e-92	 337
uc003hur.2	sp|Q3Z550|FRMA_SHISS	46.63	371	193	2	8	375	1	369	5e-92	 337
uc003hur.2	sp|A7ZIA4|FRMA_ECO24	46.63	371	193	2	8	375	1	369	5e-92	 337
uc003hur.2	sp|Q8X5J4|FRMA_ECO57	46.63	371	193	2	8	375	1	369	5e-92	 337
uc003hur.2	sp|B1J085|FRMA_ECOLC	46.63	371	193	2	8	375	1	369	5e-92	 337
uc003hur.2	sp|P25437|FRMA_ECOLI	46.63	371	193	2	8	375	1	369	7e-92	 337
uc003hur.2	sp|Q8FKG1|FRMA_ECOL6	46.63	371	193	2	8	375	1	369	7e-92	 337
uc003hur.2	sp|B1LIP1|FRMA_ECOSM	46.36	371	194	2	8	375	1	369	3e-91	 335
uc003hur.2	sp|Q8VZ49|ADHL4_ARATH	44.71	378	204	3	1	373	1	378	3e-89	 328
uc003hur.2	sp|P44557|FRMA_HAEIN	44.74	371	200	2	8	375	10	378	9e-89	 327
uc003hur.2	sp|Q8LEB2|ADHL6_ARATH	42.66	368	209	1	6	373	12	377	3e-83	 308
uc003hur.2	sp|P45382|FADH_PARDE	43.73	375	204	3	8	375	1	375	8e-82	 303
uc003hur.2	sp|P72324|ADHI_RHOS4	43.88	376	203	3	8	375	1	376	5e-81	 301
uc003hur.2	sp|Q9SK86|ADHL1_ARATH	42.86	378	211	4	2	374	8	385	1e-77	 290
uc003hur.2	sp|Q9SK87|ADHL2_ARATH	43.24	377	207	5	3	373	7	382	5e-77	 288
uc003hur.2	sp|Q0V7W6|ADHL5_ARATH	43.47	375	205	5	5	373	12	385	4e-75	 281
uc003hur.2	sp|Q9FH04|ADHL7_ARATH	40.48	378	216	6	3	373	12	387	4e-75	 281
uc003hur.2	sp|Q7U1B9|ADHB_MYCBO	37.00	373	227	7	8	375	1	370	3e-59	 228
uc003hur.2	sp|P71818|ADHB_MYCTU	37.00	373	227	7	8	375	1	370	3e-59	 228
uc003hur.2	sp|P39849|XYLB_PSEPU	33.70	368	237	6	8	373	1	363	2e-46	 186
uc003hur.2	sp|P80094|FADH_AMYME	32.69	361	222	7	21	375	15	360	2e-45	 183
uc003hur.2	sp|P42328|ADH3_BACST	33.33	360	203	13	11	367	2	327	1e-29	 130
uc003hur.2	sp|P33010|TERPD_PSESP	33.57	283	177	8	46	321	17	295	6e-29	 128
uc003hur.2	sp|P12311|ADH1_BACST	31.77	362	206	13	11	367	2	327	2e-28	 126
uc003hur.2	sp|P42327|ADH2_BACST	32.51	363	202	18	11	367	2	327	5e-25	 115
uc003hur.2	sp|A7HEI5|TDH_ANADF	24.86	362	226	12	22	373	14	339	6e-25	 115
uc003hur.2	sp|Q2FJ31|ADH_STAA3	31.58	361	206	13	11	366	2	326	4e-24	 112
uc003hur.2	sp|Q2G0G1|ADH_STAA8	31.58	361	206	13	11	366	2	326	4e-24	 112
uc003hur.2	sp|Q8NXU1|ADH_STAAW	31.58	361	206	13	11	366	2	326	4e-24	 112
uc003hur.2	sp|Q6GJ63|ADH_STAAR	31.58	361	206	13	11	366	2	326	4e-24	 112
uc003hur.2	sp|Q6GBM4|ADH_STAAS	31.58	361	206	13	11	366	2	326	4e-24	 112
uc003hur.2	sp|Q5HI63|ADH_STAAC	31.58	361	206	13	11	366	2	326	4e-24	 112
uc003hur.2	sp|Q2YSX0|ADH_STAAB	31.58	361	206	13	11	366	2	326	4e-24	 112
uc003hur.2	sp|Q02912|DHSO_BOMMO	27.45	357	223	10	24	373	17	344	5e-24	 112
uc003hur.2	sp|Q7A742|ADH_STAAN	31.58	361	206	13	11	366	2	326	6e-24	 111
uc003hur.2	sp|Q99W07|ADH_STAAM	31.58	361	206	13	11	366	2	326	6e-24	 111
uc003hur.2	sp|Q06004|DHSO_BACSU	31.18	356	210	11	11	361	10	335	8e-24	 111
uc003hur.2	sp|Q7MY48|TDH_PHOLL	26.34	372	228	13	15	375	4	340	1e-23	 110
uc003hur.2	sp|Q9UYX0|TDH_PYRAB	28.69	359	215	11	26	375	21	347	2e-23	 110
uc003hur.2	sp|Q8U259|TDH_PYRFU	28.97	359	214	11	26	375	21	347	2e-23	 109
uc003hur.2	sp|P59410|TDH_VIBPA	25.87	375	230	13	11	373	2	340	3e-23	 109
uc003hur.2	sp|Q65JE7|TDH_BACLD	28.53	368	221	10	18	374	9	345	3e-23	 109
uc003hur.2	sp|A7FCU5|TDH_YERP3	26.08	372	229	13	15	375	4	340	4e-23	 108
uc003hur.2	sp|Q66GC5|TDH_YERPS	26.08	372	229	13	15	375	4	340	4e-23	 108
uc003hur.2	sp|A4TSC6|TDH_YERPP	26.08	372	229	13	15	375	4	340	4e-23	 108
uc003hur.2	sp|Q8ZJN2|TDH_YERPE	26.08	372	229	13	15	375	4	340	4e-23	 108
uc003hur.2	sp|Q1CD13|TDH_YERPN	26.08	372	229	13	15	375	4	340	4e-23	 108
uc003hur.2	sp|Q1C278|TDH_YERPA	26.08	372	229	13	15	375	4	340	4e-23	 108
uc003hur.2	sp|O58389|TDH_PYRHO	28.13	359	217	11	26	375	21	347	6e-23	 108
uc003hur.2	sp|A5F0N6|TDH_VIBC3	24.61	382	230	12	8	373	1	340	7e-23	 108
uc003hur.2	sp|Q9KL62|TDH_VIBCH	24.61	382	230	12	8	373	1	340	7e-23	 108
uc003hur.2	sp|P77280|YDJJ_ECOLI	26.48	355	221	9	15	361	7	329	2e-22	 106
uc003hur.2	sp|Q8D442|TDH_VIBVU	25.74	373	233	12	11	373	2	340	3e-22	 105
uc003hur.2	sp|A1JHX8|TDH_YERE8	26.34	372	228	14	15	375	4	340	4e-22	 105
uc003hur.2	sp|Q7MFL5|TDH_VIBVY	25.74	373	233	12	11	373	2	340	5e-22	 105
uc003hur.2	sp|P20368|ADH1_ZYMMO	31.11	360	209	12	11	367	2	325	5e-22	 105
uc003hur.2	sp|A7MID0|TDH_ENTS8	25.47	373	230	13	15	375	4	340	7e-22	 104
uc003hur.2	sp|A1SVW5|TDH_PSYIN	26.76	355	218	11	27	373	20	340	8e-22	 104
uc003hur.2	sp|Q72L62|TDH_THET2	28.49	358	205	13	29	373	20	339	1e-21	 103
uc003hur.2	sp|Q5E0F9|TDH_VIBF1	25.33	375	232	12	11	373	2	340	2e-21	 103
uc003hur.2	sp|A8GLC6|TDH_SERP5	24.40	373	234	11	15	375	4	340	2e-21	 103
uc003hur.2	sp|B0TYR8|TDH_FRAP2	25.85	383	221	11	15	373	4	347	2e-21	 103
uc003hur.2	sp|Q2IJN4|TDH_ANADE	25.14	354	229	12	25	373	17	339	2e-21	 103
uc003hur.2	sp|A0Q5K3|TDH_FRATN	25.59	383	222	11	15	373	4	347	2e-21	 102
uc003hur.2	sp|Q5SKS4|TDH_THET8	28.01	357	208	13	29	373	20	339	3e-21	 102
uc003hur.2	sp|O31186|ADHA_RHIME	30.51	354	210	13	12	359	5	328	3e-21	 102
uc003hur.2	sp|A7NDM9|TDH_FRATF	25.85	383	221	11	15	373	4	347	3e-21	 102
uc003hur.2	sp|Q0BKV5|TDH_FRATO	25.85	383	221	11	15	373	4	347	3e-21	 102
uc003hur.2	sp|Q2A282|TDH_FRATH	25.85	383	221	11	15	373	4	347	3e-21	 102
uc003hur.2	sp|Q3IHW0|TDH_PSEHT	24.79	351	218	10	35	375	26	340	4e-21	 102
uc003hur.2	sp|Q2NZP2|TDH_XANOM	26.13	375	230	12	11	375	2	339	4e-21	 102
uc003hur.2	sp|Q5GWI3|TDH_XANOR	26.13	375	230	12	11	375	2	339	4e-21	 102
uc003hur.2	sp|Q14IB6|TDH_FRAT1	25.85	383	221	11	15	373	4	347	4e-21	 102
uc003hur.2	sp|A4IZ92|TDH_FRATW	25.85	383	221	11	15	373	4	347	4e-21	 102
uc003hur.2	sp|Q5NGW4|TDH_FRATT	25.85	383	221	11	15	373	4	347	4e-21	 102
uc003hur.2	sp|A4W529|TDH_ENT38	25.47	373	230	13	15	375	4	340	5e-21	 102
uc003hur.2	sp|Q8PNN2|TDH_XANAC	26.13	375	230	12	11	375	2	339	7e-21	 101
uc003hur.2	sp|O34268|TDH_XANCP	26.40	375	229	12	11	375	2	339	7e-21	 101
uc003hur.2	sp|Q4URI9|TDH_XANC8	26.40	375	229	12	11	375	2	339	7e-21	 101
uc003hur.2	sp|A6WUG6|TDH_SHEB8	24.50	351	219	12	35	375	26	340	9e-21	 101
uc003hur.2	sp|A9KWY0|TDH_SHEB9	24.50	351	219	12	35	375	26	340	9e-21	 101
uc003hur.2	sp|A3CYN0|TDH_SHEB5	24.50	351	219	12	35	375	26	340	9e-21	 101
uc003hur.2	sp|Q3BWT0|TDH_XANC5	26.13	375	230	12	11	375	2	339	9e-21	 101
uc003hur.2	sp|Q07W50|TDH_SHEFN	25.47	373	230	12	15	375	4	340	9e-21	 101
uc003hur.2	sp|A4SHB7|TDH_AERS4	24.66	373	233	13	15	375	4	340	1e-20	 100
uc003hur.2	sp|A1S1Q3|TDH_SHEAM	24.13	373	235	12	15	375	4	340	1e-20	 100
uc003hur.2	sp|A6W1W3|TDH_MARMS	25.94	347	215	11	35	373	26	338	1e-20	 100
uc003hur.2	sp|B0TNM4|TDH_SHEHH	24.66	373	233	13	15	375	4	340	1e-20	 100
uc003hur.2	sp|A4YCC5|TDH_SHEPC	24.66	373	233	13	15	375	4	340	1e-20	 100
uc003hur.2	sp|P27867|DHSO_RAT	27.97	354	202	13	35	373	33	348	1e-20	 100
uc003hur.2	sp|Q5JI69|TDH_PYRKO	27.37	358	219	12	26	374	21	346	2e-20	 100
uc003hur.2	sp|A0KQV6|TDH_AERHH	24.40	373	234	13	15	375	4	340	2e-20	 100
uc003hur.2	sp|A6TFL2|TDH_KLEP7	25.20	373	231	13	15	375	4	340	2e-20	99.8
uc003hur.2	sp|A8GYP8|TDH_SHEPA	24.66	373	233	13	15	375	4	340	2e-20	99.8
uc003hur.2	sp|A9NA21|TDH_COXBR	24.93	369	228	12	15	375	13	340	2e-20	99.8
uc003hur.2	sp|A9KET6|TDH_COXBN	24.93	369	228	12	15	375	13	340	2e-20	99.8
uc003hur.2	sp|Q83F39|TDH_COXBU	24.93	369	228	12	15	375	13	340	2e-20	99.8
uc003hur.2	sp|B1IZH4|TDH_ECOLC	25.20	373	231	13	15	375	4	340	3e-20	99.4
uc003hur.2	sp|Q0TBJ0|TDH_ECOL5	25.20	373	231	13	15	375	4	340	3e-20	99.4
uc003hur.2	sp|Q0SYE5|TDH_SHIF8	25.20	373	231	13	15	375	4	340	3e-20	99.4
uc003hur.2	sp|A8A681|TDH_ECOHS	25.20	373	231	13	15	375	4	340	3e-20	99.4
uc003hur.2	sp|Q31V06|TDH_SHIBS	25.20	373	231	13	15	375	4	340	3e-20	99.4
uc003hur.2	sp|P59409|TDH_SHIFL	25.20	373	231	13	15	375	4	340	3e-20	99.4
uc003hur.2	sp|A1AHF3|TDH_ECOK1	25.20	373	231	13	15	375	4	340	3e-20	99.4
uc003hur.2	sp|Q1R4X4|TDH_ECOUT	25.20	373	231	13	15	375	4	340	3e-20	99.4
uc003hur.2	sp|Q8FCA2|TDH_ECOL6	25.20	373	231	13	15	375	4	340	3e-20	99.4
uc003hur.2	sp|Q5PC07|TDH_SALPA	25.20	373	231	13	15	375	4	340	3e-20	99.4
uc003hur.2	sp|Q57IC5|TDH_SALCH	25.20	373	231	13	15	375	4	340	3e-20	99.4
uc003hur.2	sp|Q8ZL52|TDH_SALTY	25.20	373	231	13	15	375	4	340	3e-20	99.4
uc003hur.2	sp|A9MVL0|TDH_SALPB	25.20	373	231	13	15	375	4	340	3e-20	99.4
uc003hur.2	sp|Q58D31|DHSO_BOVIN	27.70	361	220	12	22	373	19	347	4e-20	99.0
uc003hur.2	sp|A1RE07|TDH_SHESW	24.22	351	220	12	35	375	26	340	4e-20	99.0
uc003hur.2	sp|P77360|YPHC_ECOLI	25.27	364	231	9	24	375	17	351	4e-20	99.0
uc003hur.2	sp|A0L2Q3|TDH_SHESA	24.40	373	234	13	15	375	4	340	4e-20	99.0
uc003hur.2	sp|Q0HDA3|TDH_SHESM	24.40	373	234	13	15	375	4	340	4e-20	99.0
uc003hur.2	sp|Q3YVY1|TDH_SHISS	24.73	372	234	12	15	375	4	340	5e-20	99.0
uc003hur.2	sp|Q0HPI5|TDH_SHESR	24.40	373	234	13	15	375	4	340	5e-20	99.0
uc003hur.2	sp|O31776|TDH_BACSU	29.01	362	211	12	24	374	20	346	5e-20	98.6
uc003hur.2	sp|Q8R7K0|TDH_THETN	28.69	352	200	13	36	373	31	345	6e-20	98.6
uc003hur.2	sp|A3QJC8|TDH_SHELP	24.93	373	232	14	15	375	4	340	7e-20	98.2
uc003hur.2	sp|P07913|TDH_ECOLI	24.93	373	232	13	15	375	4	340	7e-20	98.2
uc003hur.2	sp|P07846|DHSO_SHEEP	27.00	363	219	12	22	373	18	345	7e-20	98.2
uc003hur.2	sp|Q5R5F3|DHSO_PONAB	27.47	364	217	11	22	373	20	348	8e-20	98.2
uc003hur.2	sp|Q8XEJ1|TDH_ECO57	25.20	373	231	13	15	375	4	340	1e-19	97.4
uc003hur.2	sp|P47734|FADH_METMR	34.29	245	138	11	39	271	30	263	1e-19	97.4
uc003hur.2	sp|Q8E8J1|TDH_SHEON	24.13	373	235	13	15	375	4	340	1e-19	97.4
uc003hur.2	sp|Q8Z2F4|TDH_SALTI	25.20	373	231	13	15	375	4	340	1e-19	97.1
uc003hur.2	sp|Q6LRD9|TDH_PHOPR	24.53	375	235	12	11	373	2	340	1e-19	97.1
uc003hur.2	sp|A8FPE0|TDH_SHESH	24.93	373	232	13	15	375	4	340	1e-19	97.1
uc003hur.2	sp|Q7NXH5|TDH_CHRVO	25.75	369	230	13	15	373	4	338	2e-19	97.1
uc003hur.2	sp|Q00796|DHSO_HUMAN	26.92	364	219	11	22	373	20	348	2e-19	96.7
uc003hur.2	sp|A7ZTH0|TDH_ECO24	24.93	373	232	13	15	375	4	340	2e-19	96.7
uc003hur.2	sp|Q67N85|TDH_SYMTH	27.60	366	214	14	23	374	18	346	2e-19	96.7
uc003hur.2	sp|A9MKQ8|TDH_SALAR	24.93	373	232	13	15	375	4	340	2e-19	96.7
uc003hur.2	sp|Q4R639|DHSO_MACFA	26.37	364	221	10	22	373	20	348	3e-19	96.3
uc003hur.2	sp|A8ARK6|TDH_CITK8	24.66	373	233	13	15	375	4	340	4e-19	95.5
uc003hur.2	sp|Q329N8|TDH_SHIDS	25.07	379	224	13	15	375	4	340	4e-19	95.5
uc003hur.2	sp|Q96XE0|ADH_SULTO	26.44	382	226	13	11	374	2	346	6e-19	95.1
uc003hur.2	sp|Q5QUN8|TDH_IDILO	22.57	350	227	11	35	375	26	340	1e-18	94.4
uc003hur.2	sp|Q48AM4|TDH_COLP3	24.86	354	219	13	31	373	21	338	1e-18	94.0
uc003hur.2	sp|Q64442|DHSO_MOUSE	27.40	354	204	13	35	373	33	348	2e-18	93.6
uc003hur.2	sp|P14940|ADH_RALEU	27.91	369	227	12	11	363	6	351	2e-18	93.6
uc003hur.2	sp|A5IGK7|TDH_LEGPC	24.32	370	229	14	19	375	9	340	2e-18	93.2
uc003hur.2	sp|O94038|ADH2_CANAL	30.10	289	161	10	22	300	19	276	2e-18	93.2
uc003hur.2	sp|Q5X748|TDH_LEGPA	23.85	369	232	12	19	375	9	340	2e-18	93.2
uc003hur.2	sp|Q5ZXM9|TDH_LEGPH	24.05	370	230	14	19	375	9	340	3e-18	92.8
uc003hur.2	sp|Q9Z9U1|DHSO_BACHD	26.45	363	219	15	22	373	14	339	3e-18	92.8
uc003hur.2	sp|A7Z4X0|TDH_BACA2	28.34	374	229	10	9	374	4	346	3e-18	92.8
uc003hur.2	sp|Q15ZU4|TDH_PSEA6	22.68	366	239	11	19	375	10	340	3e-18	92.4
uc003hur.2	sp|Q5WYJ7|TDH_LEGPL	24.05	370	230	14	19	375	9	340	4e-18	92.4
uc003hur.2	sp|Q07288|ADH1_KLUMA	29.93	294	177	9	11	300	8	276	4e-18	92.4
uc003hur.2	sp|Q07993|XYL2_YEAST	28.84	371	219	14	18	373	12	352	9e-18	91.3
uc003hur.2	sp|Q6DAT5|TDH_ERWCT	23.72	371	230	15	15	375	13	340	1e-17	90.9
uc003hur.2	sp|A4JKG7|TDH_BURVG	25.36	351	212	14	35	373	26	338	1e-17	90.5
uc003hur.2	sp|P49385|ADH4_KLULA	25.69	362	232	12	11	367	35	364	2e-17	90.1
uc003hur.2	sp|O13309|ADH2_PICST	30.93	291	171	10	11	296	7	272	2e-17	90.1
uc003hur.2	sp|P39451|ADHP_ECOLI	31.03	290	172	9	33	321	23	285	2e-17	89.7
uc003hur.2	sp|Q1BK24|TDH_BURCA	25.36	351	212	14	35	373	26	338	3e-17	89.7
uc003hur.2	sp|A0B459|TDH_BURCH	25.36	351	212	14	35	373	26	338	3e-17	89.7
uc003hur.2	sp|Q983J7|TDH_RHILO	26.04	361	219	12	24	373	19	342	3e-17	89.4
uc003hur.2	sp|Q5HRD6|ADH_STAEQ	29.89	358	216	11	11	366	2	326	3e-17	89.4
uc003hur.2	sp|Q9P4C2|ADH2_KLUMA	29.25	294	179	9	11	300	8	276	4e-17	89.4
uc003hur.2	sp|A1UXP8|TDH_BURMS	24.71	348	218	12	35	373	26	338	5e-17	89.0
uc003hur.2	sp|A3P139|TDH_BURP0	24.71	348	218	12	35	373	26	338	5e-17	89.0
uc003hur.2	sp|A3MAC8|TDH_BURM7	24.71	348	218	12	35	373	26	338	5e-17	89.0
uc003hur.2	sp|Q62EL5|TDH_BURMA	24.71	348	218	12	35	373	26	338	5e-17	89.0
uc003hur.2	sp|Q63PD9|TDH_BURPS	24.71	348	218	12	35	373	26	338	5e-17	89.0
uc003hur.2	sp|P0A9S4|GATD_ECO57	29.46	224	134	5	36	258	27	227	5e-17	89.0
uc003hur.2	sp|Q3JID4|TDH_BURP1	24.71	348	218	12	35	373	26	338	5e-17	89.0
uc003hur.2	sp|P0A9S3|GATD_ECOLI	29.46	224	134	5	36	258	27	227	5e-17	89.0
uc003hur.2	sp|A3NF91|TDH_BURP6	24.71	348	218	12	35	373	26	338	5e-17	89.0
uc003hur.2	sp|A2RZW5|TDH_BURM9	24.71	348	218	12	35	373	26	338	5e-17	89.0
uc003hur.2	sp|P38105|RSPB_ECOLI	25.61	367	219	12	13	367	3	327	5e-17	89.0
uc003hur.2	sp|Q38ZS8|TDH_BURS3	25.07	351	213	14	35	373	26	338	5e-17	88.6
uc003hur.2	sp|Q8CQ56|ADH_STAES	29.33	358	218	11	11	366	2	326	5e-17	88.6
uc003hur.2	sp|Q4J781|ADH_SULAC	27.53	385	212	15	11	373	2	341	6e-17	88.6
uc003hur.2	sp|Q2T9E1|TDH_BURTA	24.79	351	214	13	35	373	26	338	6e-17	88.6
uc003hur.2	sp|P20369|ADH1_KLULA	28.81	295	179	10	11	300	10	278	7e-17	88.2
uc003hur.2	sp|Q07786|DHSO2_YEAST	28.27	382	219	16	13	374	8	354	7e-17	88.2
uc003hur.2	sp|P35497|DHSO1_YEAST	28.27	382	219	16	13	374	8	354	7e-17	88.2
uc003hur.2	sp|Q11L77|TDH_MESSB	25.07	371	221	14	15	373	17	342	9e-17	87.8
uc003hur.2	sp|P49383|ADH2_KLULA	28.47	295	180	10	11	300	8	276	2e-16	86.7
uc003hur.2	sp|P49384|ADH3_KLULA	28.62	290	178	9	11	296	34	298	3e-16	86.3
uc003hur.2	sp|Q2K618|TDH_RHIEC	24.65	361	224	13	24	373	19	342	3e-16	86.3
uc003hur.2	sp|Q0B5Q1|TDH_BURCM	25.07	351	213	14	35	373	26	338	3e-16	86.3
uc003hur.2	sp|Q9RTU4|TDH_DEIRA	23.60	356	231	11	26	373	17	339	3e-16	85.9
uc003hur.2	sp|P14941|ADH_THEBR	28.41	345	217	13	26	363	16	337	4e-16	85.5
uc003hur.2	sp|Q1MDT5|TDH_RHIL3	24.80	379	229	15	7	373	8	342	5e-16	85.5
uc003hur.2	sp|P07246|ADH3_YEAST	28.29	304	187	10	1	299	25	302	6e-16	85.1
uc003hur.2	sp|C0SPA5|ADHA_BACSU	28.40	331	188	12	19	335	16	311	7e-16	84.7
uc003hur.2	sp|P00330|ADH1_YEAST	29.25	294	179	9	11	300	8	276	1e-15	84.3
uc003hur.2	sp|P39462|ADH_SULSO	26.65	379	229	12	11	374	2	346	1e-15	84.3
uc003hur.2	sp|P39714|BDH1_YEAST	29.17	264	155	9	36	280	28	278	2e-15	84.0
uc003hur.2	sp|A4FND4|TDH_SACEN	23.93	351	223	13	32	373	23	338	2e-15	83.2
uc003hur.2	sp|Q40976|CADH_PINRA	26.35	334	202	10	36	355	36	339	2e-15	83.2
uc003hur.2	sp|Q52998|TDH_RHIME	24.87	378	230	15	7	373	8	342	2e-15	83.2
uc003hur.2	sp|O00097|ADH1_PICST	29.55	291	174	10	11	296	8	272	4e-15	82.4
uc003hur.2	sp|P50381|ADH_SULSR	27.70	379	225	15	11	374	2	346	6e-15	81.6
uc003hur.2	sp|P08843|ADH1_EMENI	25.35	359	237	8	12	367	9	339	8e-15	81.3
uc003hur.2	sp|Q9HTE3|FADH_PSEAE	33.18	214	115	8	35	237	35	231	1e-14	81.3
uc003hur.2	sp|A6UBM6|TDH_SINMW	24.31	362	224	12	24	373	19	342	1e-14	80.9
uc003hur.2	sp|Q08350|CADH7_PICAB	25.07	335	211	11	36	363	36	337	1e-14	80.9
uc003hur.2	sp|O82035|CADH2_PICAB	25.07	335	211	11	36	363	36	337	1e-14	80.9
uc003hur.2	sp|Q13SG2|TDH_BURXL	22.66	384	240	14	1	373	1	338	1e-14	80.5
uc003hur.2	sp|P00331|ADH2_YEAST	28.91	294	180	9	11	300	8	276	2e-14	80.1
uc003hur.2	sp|Q9P6C8|ADH1_NEUCR	25.50	353	230	9	21	369	21	344	5e-14	79.0
uc003hur.2	sp|P09347|FDEH_PSEPU	26.77	381	235	14	10	373	4	357	3e-13	76.3
uc003hur.2	sp|P75214|ADH_MYCPN	28.00	350	212	15	39	375	29	351	3e-13	75.9
uc003hur.2	sp|P43067|ADH1_CANAL	31.12	241	140	6	25	262	24	241	5e-13	75.5
uc003hur.2	sp|Q92MT4|XYLD_RHIME	25.20	369	212	13	13	361	4	328	5e-13	75.5
uc003hur.2	sp|P0A4X0|ADHC_MYCTU	26.27	316	196	12	20	327	14	300	7e-13	75.1
uc003hur.2	sp|P0A4X1|ADHC_MYCBO	26.27	316	196	12	20	327	14	300	7e-13	75.1
uc003hur.2	sp|Q8U7Y1|XYLD_AGRT5	26.09	345	192	11	36	361	32	332	1e-12	74.3
uc003hur.2	sp|Q02BT1|TDH_SOLUE	24.52	363	226	15	24	375	15	340	2e-12	73.6
uc003hur.2	sp|Q6XQ67|ADH5_SACPS	29.11	292	178	9	9	296	9	275	3e-12	72.8
uc003hur.2	sp|P38113|ADH5_YEAST	29.11	292	178	9	9	296	9	275	3e-12	72.8
uc003hur.2	sp|P46154|FADH_PSEPU	32.71	214	116	8	35	237	35	231	4e-12	72.8
uc003hur.2	sp|P00332|ADH_SCHPO	32.79	244	134	8	24	262	23	241	4e-12	72.4
uc003hur.2	sp|P25984|ADH_CLOBE	30.34	234	140	8	34	264	24	237	5e-12	72.0
uc003hur.2	sp|Q17334|ADH1_CAEEL	26.90	316	199	9	11	321	10	298	1e-11	70.9
uc003hur.2	sp|P39713|YAG1_YEAST	25.78	322	180	12	29	319	24	317	2e-11	70.5
uc003hur.2	sp|Q59545|XYLD_MORMO	23.49	332	217	12	36	361	29	329	3e-11	69.7
uc003hur.2	sp|P22144|XYL2_PICST	32.31	229	106	10	28	238	24	221	4e-11	69.3
uc003hur.2	sp|O45687|ADH2_CAEEL	25.23	325	213	10	1	321	1	299	4e-11	68.9
uc003hur.2	sp|P41747|ADH1_ASPFL	27.43	226	139	5	21	243	18	221	5e-11	68.6
uc003hur.2	sp|P77539|YDJL_ECOLI	24.57	350	233	12	35	375	27	354	6e-11	68.6
uc003hur.2	sp|Q38707|MTDH_APIGR	28.49	337	197	15	36	363	39	340	7e-11	68.2
uc003hur.2	sp|Q5UQG2|YL498_MIMIV	28.95	228	146	7	20	242	81	297	1e-10	67.8
uc003hur.2	sp|P75691|YAHK_ECOLI	26.02	369	228	16	8	366	1	334	1e-10	67.4
uc003hur.2	sp|O94564|YGD6_SCHPO	26.39	360	219	15	25	374	20	343	3e-10	66.2
uc003hur.2	sp|Q57517|Y053_HAEIN	27.54	345	211	14	18	356	10	321	3e-10	66.2
uc003hur.2	sp|P41637|CADH_PINTA	26.65	334	201	10	36	355	36	339	5e-10	65.5
uc003hur.2	sp|P07754|ADH3_EMENI	30.12	259	149	8	12	263	9	242	6e-10	65.5
uc003hur.2	sp|Q9L233|TDH_STRCO	25.46	271	166	8	36	299	27	268	7e-10	65.1
uc003hur.2	sp|Q6AAR3|TDH_PROAC	22.28	377	220	14	24	375	13	341	8e-10	64.7
uc003hur.2	sp|P39400|YJJN_ECOLI	25.27	372	218	13	20	375	10	337	8e-10	64.7
uc003hur.2	sp|P77316|YBDR_ECOLI	23.48	362	235	12	33	363	24	374	1e-09	64.3
uc003hur.2	sp|Q82MN2|TDH_STRAW	24.75	303	185	10	15	311	13	278	1e-09	64.3
uc003hur.2	sp|Q6MD15|TDH_PARUW	22.63	380	240	12	5	373	3	339	1e-09	63.9
uc003hur.2	sp|Q9ZRF1|MTDH_FRAAN	26.27	354	210	14	21	363	25	338	1e-09	63.9
uc003hur.2	sp|Q02972|MTDH2_ARATH	27.18	309	198	10	21	327	23	306	3e-09	62.8
uc003hur.2	sp|P35630|ADH1_ENTHI	30.17	232	133	10	39	264	29	237	5e-09	62.4
uc003hur.2	sp|Q98D10|XYLD_RHILO	24.92	309	179	11	13	304	3	275	5e-09	62.0
uc003hur.2	sp|P93257|MTDH_MESCR	27.25	345	199	14	35	366	39	344	7e-09	61.6
uc003hur.2	sp|P36624|DHSO_SCHPO	25.50	349	215	11	35	368	30	348	8e-09	61.6
uc003hur.2	sp|Q43138|MTDH3_STYHU	29.94	167	87	7	18	179	25	166	1e-08	60.5
uc003hur.2	sp|Q43137|MTDH1_STYHU	28.15	302	182	11	33	327	29	302	2e-08	59.7
uc003hur.2	sp|P39346|IDND_ECOLI	24.73	279	178	9	39	313	32	282	3e-08	59.3
uc003hur.2	sp|O97764|QOR_BOVIN	25.39	319	172	14	1	311	1	261	3e-08	59.3
uc003hur.2	sp|B0BNC9|QORL2_RAT	22.22	378	234	9	5	374	22	347	8e-08	58.2
uc003hur.2	sp|Q9BV79|MECR_HUMAN	23.48	247	133	6	20	258	56	254	1e-07	57.4
uc003hur.2	sp|P42734|MTDH_ARATH	26.84	313	189	13	35	339	38	318	1e-07	57.4
uc003hur.2	sp|Q02971|MTDH1_ARATH	25.08	303	185	9	36	327	35	306	3e-07	56.6
uc003hur.2	sp|P31656|CADH_MEDSA	25.37	335	210	11	36	363	37	338	3e-07	56.2
uc003hur.2	sp|O64969|CADH_EUCGL	26.26	297	189	10	36	327	36	307	3e-07	56.2
uc003hur.2	sp|Q5LN53|TDH_SILPO	25.20	369	224	16	15	373	13	339	3e-07	55.8
uc003hur.2	sp|Q28452|QOR_LAMGU	23.82	361	206	14	26	375	27	329	4e-07	55.8
uc003hur.2	sp|P11415|QOR_CAVPO	23.59	301	169	9	1	294	1	247	4e-07	55.8
uc003hur.2	sp|P31655|CADH2_EUCGU	25.93	297	190	10	36	327	36	307	5e-07	55.5
uc003hur.2	sp|Q7YS70|MECR_BOVIN	24.79	238	124	6	20	250	56	245	6e-07	55.1
uc003hur.2	sp|Q0MVN8|QOR_PIG	24.30	358	208	13	26	375	27	329	8e-07	54.7
uc003hur.2	sp|Q3UNZ8|QORL2_MOUSE	21.87	375	227	9	11	374	28	347	2e-06	53.9
uc003hur.2	sp|P40783|QOR_SALTY	40.54	74	41	2	21	91	13	86	2e-06	53.5
uc003hur.2	sp|P40783|QOR_SALTY	36.47	85	49	4	202	285	151	231	0.29	36.2
uc003hur.2	sp|Q6AYT0|QOR_RAT	30.34	145	92	5	1	139	1	142	3e-06	53.1
uc003hur.2	sp|A6QQF5|QORL2_BOVIN	41.18	85	48	1	11	93	27	111	3e-06	53.1
uc003hur.2	sp|P28304|QOR_ECOLI	41.89	74	40	2	21	91	13	86	4e-06	52.8
uc003hur.2	sp|Q42726|CADH1_EUCGU	26.60	297	186	11	36	327	36	305	4e-06	52.4
uc003hur.2	sp|P25377|ADH7_YEAST	36.63	101	59	4	31	127	30	129	5e-06	52.0
uc003hur.2	sp|O82515|MTDH_MEDSA	26.73	333	209	13	36	364	39	340	6e-06	52.0
uc003hur.2	sp|P38230|QOR_YEAST	25.67	261	137	7	25	280	26	234	8e-06	51.6
uc003hur.2	sp|P50746|CADH_EUCBO	25.00	336	208	13	5	327	2	306	1e-05	51.2
uc003hur.2	sp|Q08257|QOR_HUMAN	22.08	385	234	13	1	375	1	329	1e-05	51.2
uc003hur.2	sp|Q9DCS3|MECR_MOUSE	21.67	240	129	5	20	250	56	245	1e-05	51.2
uc003hur.2	sp|P30360|CADH9_TOBAC	25.93	324	209	11	11	327	8	307	1e-05	50.4
uc003hur.2	sp|Q04894|ADH6_YEAST	27.04	159	99	5	31	186	30	174	2e-05	50.4
uc003hur.2	sp|O74489|QOR_SCHPO	24.46	368	206	13	21	375	13	321	2e-05	50.1
uc003hur.2	sp|Q5R4S7|QOR_PONAB	22.08	385	234	15	1	375	1	329	5e-05	48.9
uc003hur.2	sp|Q99536|VAT1_HUMAN	23.82	340	174	13	61	374	105	385	5e-05	48.9
uc003hur.2	sp|Q9Z311|MECR_RAT	22.92	240	126	6	20	250	56	245	6e-05	48.5
uc003hur.2	sp|P43903|QOR_PSEAE	40.00	70	41	1	22	90	16	85	2e-04	47.0
uc003hur.2	sp|O82056|CADH_SACOF	30.00	210	121	4	36	238	36	226	2e-04	46.6
uc003hur.2	sp|Q70KF0|DOIAD_MICEC	22.98	322	210	10	30	348	26	312	3e-04	46.6
uc003hur.2	sp|P54202|ADH2_EMENI	24.28	313	195	12	4	298	3	291	3e-04	46.2
uc003hur.2	sp|P47199|QOR_MOUSE	33.33	96	57	3	1	91	1	94	5e-04	45.4
uc003hur.2	sp|Q8LCU7|MECR_ARATH	35.63	87	51	2	11	92	46	132	0.001	44.3
uc003hur.2	sp|Q6L743|DOIAD_STRKN	23.61	233	148	7	13	240	3	210	0.001	44.3
uc003hur.2	sp|A7RK30|QORL2_NEMVE	23.97	388	205	16	11	374	40	361	0.003	43.1
uc003hur.2	sp|P13203|DHG_THEAC	31.52	92	55	4	27	112	21	110	0.003	43.1
uc003hur.2	sp|Q3STT0|MURD_NITWN	53.33	45	20	1	193	237	9	52	0.006	42.0
uc003hur.2	sp|Q2MFP3|DOIAD_STRRY	24.24	231	144	7	18	243	6	210	0.007	41.6
uc003hur.2	sp|P48523|CADH1_ARATH	24.07	324	219	10	11	329	9	310	0.008	41.6
uc003hur.2	sp|O45903|MECR1_CAEEL	22.52	262	144	8	32	287	43	251	0.011	41.2
uc003hur.2	sp|Q8CRJ7|ZDH1_STAES	20.68	266	144	8	18	267	6	220	0.012	40.8
uc003hur.2	sp|Q9HCJ6|VAT1L_HUMAN	29.21	89	61	1	32	118	66	154	0.012	40.8
uc003hur.2	sp|Q80TB8|VAT1L_MOUSE	29.21	89	61	1	32	118	64	152	0.012	40.8
uc003hur.2	sp|Q89FU5|MURD_BRAJA	51.11	45	21	1	193	237	9	52	0.015	40.4
uc003hur.2	sp|Q03132|ERYA2_SACER	38.10	63	37	1	31	93	2847	2907	0.020	40.4
uc003hur.2	sp|Q5HM44|ZDH1_STAEQ	20.68	266	144	8	18	267	6	220	0.022	40.0
uc003hur.2	sp|Q1QNU5|MURD_NITHX	51.11	45	21	1	193	237	9	52	0.022	40.0
uc003hur.2	sp|Q8BGC4|ZADH2_MOUSE	22.67	247	164	11	141	368	123	361	0.029	39.7
uc003hur.2	sp|Q216E0|MURD_RHOPB	46.67	45	23	1	193	237	9	52	0.046	38.9
uc003hur.2	sp|Q8FZP2|MURD_BRUSU	44.64	56	29	2	195	249	11	65	0.047	38.9
uc003hur.2	sp|Q2YM69|MURD_BRUA2	44.64	56	29	2	195	249	11	65	0.048	38.9
uc003hur.2	sp|Q57C76|MURD_BRUAB	44.64	56	29	2	195	249	11	65	0.048	38.9
uc003hur.2	sp|P30359|CADH4_TOBAC	25.85	294	194	9	36	327	36	307	0.049	38.9
uc003hur.2	sp|Q8YI68|MURD_BRUME	44.64	56	29	2	195	249	11	65	0.050	38.9
uc003hur.2	sp|Q54YT4|MECR_DICDI	28.04	107	51	2	36	116	47	153	0.060	38.5
uc003hur.2	sp|Q6N409|MURD_RHOPA	46.67	45	23	1	193	237	9	52	0.075	38.1
uc003hur.2	sp|Q9ZUC1|QORL_ARATH	23.27	245	139	6	33	274	104	302	0.086	38.1
uc003hur.2	sp|Q8N4Q0|ZADH2_HUMAN	29.32	133	86	6	141	271	123	249	0.089	38.1
uc003hur.2	sp|Q6GQN8|MECR_DANRE	31.25	96	61	2	2	92	37	132	0.091	38.1
uc003hur.2	sp|Q4R0W1|DOIAD_STRRI	19.37	351	252	9	13	362	3	323	0.11	37.7
uc003hur.2	sp|P42495|CADH1_ARACO	31.93	166	83	6	21	178	24	167	0.12	37.7
uc003hur.2	sp|Q73GT3|MURD_WOLPM	41.07	56	31	2	193	247	8	62	0.15	37.4
uc003hur.2	sp|P49327|FAS_HUMAN	27.38	168	101	8	167	323	1642	1799	0.21	37.0
uc003hur.2	sp|Q6GEP3|ZDH1_STAAR	29.27	82	49	2	18	91	6	86	0.26	36.6
uc003hur.2	sp|P63475|ZDH1_STAAM	29.27	82	49	2	18	91	6	86	0.31	36.2
uc003hur.2	sp|P99173|ZDH1_STAAN	29.27	82	49	2	18	91	6	86	0.31	36.2
uc003hur.2	sp|Q5HE19|ZDH1_STAAC	29.27	82	49	2	18	91	6	86	0.33	36.2
uc003hur.2	sp|Q2IYL0|MURD_RHOP2	44.19	43	23	1	193	235	9	50	0.34	36.2
uc003hur.2	sp|Q8NVD1|ZDH1_STAAW	29.27	82	49	2	18	91	6	86	0.36	36.2
uc003hur.2	sp|Q6G7C8|ZDH1_STAAS	29.27	82	49	2	18	91	6	86	0.36	36.2
uc003hur.2	sp|Q8UDM6|MURD_AGRT5	42.86	56	30	2	193	247	9	63	0.46	35.8
uc003hur.2	sp|O22380|CADH_LOLPR	25.89	309	195	7	34	335	35	316	0.46	35.8
uc003hur.2	sp|Q62465|VAT1_MOUSE	23.63	237	144	10	164	374	173	398	0.50	35.4
uc003hur.2	sp|Q9SV68|QORH_ARATH	36.62	71	39	2	26	91	25	94	0.64	35.0
